-11.379796 24.090999 43.374715 1 1 SupF
-6.785115 64.865577 -11.499812 1 1 Fpole
-37.13713 -3.504331 1.690092 1 1 Insula
-11.379796 24.090999 43.374715 1 1 SupF
-35.521824 10.809538 44.190969 1 1 CaudMF
-44.017232 30.266616 0.805347 1 1 parsTriangularis
-45.746763 14.555066 11.852166 1 1 parsOpercularis
-38.791732 -10.412277 42.973217 1 1 preCentral
-29.311423 12.899209 -38.046768 1 1 Tpole
-53.401526 -15.660875 -4.006122 1 1 SupT
-53.401526 -15.660875 -4.006122 1 1 SupT
-57.751067 -30.2239 -13.290262 1 1 MT
-57.751067 -30.2239 -13.290262 1 1 MT
-57.751067 -30.2239 -13.290262 1 1 MT
-49.601517 -34.703196 -25.261257 1 1 IT
-49.601517 -34.703196 -25.261257 1 1 IT
-49.601517 -34.703196 -25.261257 1 1 IT
-43.230818 -23.574863 43.947822 1 1 postCentral
-23.409777 -61.788495 47.827327 1 1 SupP
-52.06073 -39.127553 31.482408 1 1 SupraM
-52.06073 -39.127553 31.482408 1 1 SupraM
-52.06073 -39.127553 31.482408 1 1 SupraM
-40.934987 -67.711257 28.124042 1 1 IP
-30.075425 -88.498214 -1.523382 1 1 LO
-5.406928 36.933371 -18.001864 1 1 MOF
-11.379796 24.090999 43.374715 1 1 SupF
-6.62424 -47.248045 16.969356 1 1 IsthmusC
-9.690527 -58.233298 36.662633 1 1 Precuneus
-7.126394 -79.633054 18.510034 1 1 Cuneus
-23.907604 -33.142327 -19.249481 1 1 paraHippo
-14.506283 -67.608044 -5.063883 1 1 Lingual
-52.06073 -39.127553 31.482408 1 1 SupraM
-53.401526 -15.660875 -4.006122 1 1 SupT
-30.075425 -88.498214 -1.523382 1 1 LO
12.193157 25.698054 43.075713 2 1 SupF
8.694854 64.422083 -11.920596 3 1 Fpole
38.249302 -3.015601 1.544895 2 1 Insula
12.193157 25.698054 43.075713 2 1 SupF
35.661664 12.293548 44.471424 4 1 CaudMF
46.623897 29.45939 3.342318 4 1 parsTriangularis
46.526088 14.243186 13.378662 4 1 parsOpercularis
37.897994 -9.813155 44.547376 4 1 preCentral
30.57332 13.776967 -35.773082 3 1 Tpole
54.388844 -12.260566 -5.118477 2 1 SupT
54.388844 -12.260566 -5.118477 2 1 SupT
58.170481 -27.920889 -13.563721 2 1 MT
58.170481 -27.920889 -13.563721 2 1 MT
58.170481 -27.920889 -13.563721 2 1 MT
50.781852 -31.732182 -26.194109 2 1 IT
50.781852 -31.732182 -26.194109 2 1 IT
50.781852 -31.732182 -26.194109 2 1 IT
42.365002 -22.476359 44.557213 4 1 postCentral
23.192057 -60.478712 49.691973 2 1 SupP
52.104994 -33.127594 31.196859 4 1 SupraM
52.104994 -33.127594 31.196859 4 1 SupraM
52.104994 -33.127594 31.196859 4 1 SupraM
44.34569 -61.781892 28.633137 2 1 IP
31.117596 -87.943778 -0.457613 3 1 LO
5.859795 37.568028 -16.583859 3 1 MOF
12.193157 25.698054 43.075713 2 1 SupF
7.091746 -46.16338 16.740261 2 1 IsthmusC
9.636033 -57.31006 37.845502 2 1 Precuneus
7.165208 -80.094411 19.16136 3 1 Cuneus
25.382203 -33.021476 -18.144719 3 1 paraHippo
14.746014 -66.769025 -4.325692 3 1 Lingual
52.104994 -33.127594 31.196859 4 1 SupraM
54.388844 -12.260566 -5.118477 2 1 SupT
31.117596 -87.943778 -0.457613 3 1 LO
